16.598436420734853
17.966977281524944
[-1.6 -1.2 -0.8 -0.4  0.   0.4  0.8  1.2  1.6  2.   2.4  2.8  3.2  3.6
  4.   4.4  4.8  5.2  5.6  6. ]
[-1.27407308 -0.89754614 -0.5210192  -0.14449226  0.23203468  0.60856162
  0.98508856  1.36161551  1.73814245  2.11466939  2.49119633  2.86772327
  3.24425021  3.62077715  3.9973041   4.37383104  4.75035798  5.12688492
  5.50341186  5.8799388 ]
[-0.77067377 -0.43414572 -0.09761768  0.23891037  0.57543842  0.91196646
  1.24849451  1.58502255  1.9215506   2.25807865  2.59460669  2.93113474
  3.26766278  3.60419083  3.94071888  4.27724692  4.61377497  4.95030301
  5.28683106  5.62335911]
